223527957302
223519345361
223500818590
223498128890
223496149659
223496008069
223495593837
223481161048
223480960388
223480459729
223480266838
223480215483
223476472828
223473694223
223473606095
223473366727
223472936220
223472657969
223471582891
223470694948
223470575320
223470233246
223466928109
223466511746
223465621768
223465546032
223465137217
223462927657
223460461363
223460365513
223459543517
223459188877
223458991326
223458534665
223458497802
223457739239
223454263151
223454116315
223448932805
223443909531
223443612248
223442185303
223439533341
223435204070
223434704406
223432895551
223432487722
223431284878
223430137125
223429849917
223429613303
223429581785
223429390204
223427428686
223426325951
223425148687
223424044577
223424008393
223422840325
223422782266
223422132021
223421792259
223421204183
223420079894
223419884390
223418895453
223417752450
223411184625
223410802750
223409829387
223408729947
223408644570
223408057843
223402759605
223401845201
223401380010
223401124565
223399927319
223398749037
223395314198
223394109236
223393436555
223392424266
223391350099
223388842101
223387725407
223385273981
223384967662
223384955167
223381405586
223381359233
223379190663
223378123164
223377766460
223376498823
223375527796
223366210967
223364418854
223363802900
223363679810
223363003865
223358169053
223357736279
223357638166
223357217631
223357188325
223356701525
223356219113
223353914755
223352804144
223352077089
223351486339
223351280531
223351043688
223350799432
223349468655
223349030669
223345388621
223343446183
223343318597
223342875233
223340497045
223340217587
223338988315
223336656044
223336605938
223335942331
223335346862
223335103217
223334045355
223333951850
223332953610
223332897594
223330738615
223330636799
223325838312
223322272963
223317685384
223314998269
223314667135
223313722107
223312811398
223308122703
223307402979
223307076040
223305165303
223300052824
223295154565
223294872436
223294493106
223288137370
223281294770
223281118468
223280866388
223275088991
223275046077
223274875143
223274374948
223274182560
223273173724
223272280457
223270315712
223269312305
223268777654
223268629525
223265029914
223250056176
223246769332
223244791728
223244776166
223244688606
223243739320
223243676810
223241465079
223241435393
223241415339
223239602424
223236871014
223236382330
223234244881
223234144090
223233212401
223232298420
223232192617
223230914784
223230490572
223224814276
223224601716
223224535239
223223758713
223215233585
223213447865
223213055578
223212825815
223211752452
223202567867
223201423973
223200469896
223198140150
223194977235
223194453318
223188797814
223188602978
223188476258
223188245591
223188207689
223182246108
223175679958
223169115432
223168018684
223166201366
223155740387
223151336180
223144924011
223144274421
223140635294
223139698833
223137529881
223132442347
223132365284
223131684518
223131221368
223126181609
223126000173
223125422285
223125265853
223124849001
223114724260
223114423012
223114171875
223110029080
223105276438
223102086360
223101446985
223100898316
223100676863
223098880987
223095281109
223088315485
223086153519
223082720436
223082065176
223080803303
223078786716
223062193973
223054956088
223050670797
223048905300
223048315040
223048151893
223047935365
223045857044
223043712726
223042181480
223041938178
223041929735
223041883990
223037983024
223035082847
223035043908
223033115770
223031993695
223031755335
223031407418
223022463788
223021196095
223020252264
223018413923
223013646719
223012896158
223012364041
223012158192
223011231740
223007014307
223005760255
222995643806
222994282710
222992349933
222992321318
222991894410
222990362356
222986469210
222984069259
222983843388
222983751236
222983647283
222982846104
222982562451
222981518352
222980695481
222978137834
222978067507
222976316550
222973301855
222971744533
222970756474
222945695094
222944887059
222944737176
222943680316
222933364143
222932556208
222930766693
222930728408
222929834455
222929818935
222929756148
222927961959
222927818780
222926723293
222926693258
222921389714
222921123768
222911691934
222910669250
222908490746
222908457211
222907827888
222904998177
222904080587
222901908689
222901036102
222890572090
222888698435
222879136189
222873980082
222873958088
222873802765
222873027014
222872894169
222872874569
222872561455
222871492488
222870824967
222870713630
222868683518
222865508893
222865482448
222863539573
222861688655
222860759249
222859502579
222859459197
222856448256
222854389416
222853940431
222853616840
222853544342
222853522852
222853505126
222853373079
222853256636
222853004198
222852964534
222852927799
222851923564
222851881501
222827412743
222827325454
222827226171
222824965611
222824759476
222821418448
222816399572
222814614805
222807963812
222806764017
222802797983
222801654853
222800316185
222798799311
222791494457
222779365287
222778990034
222778884408
222778621298
222778078071
222768059935
222765320238
222763787220
222762101727
222751643566
222749538459
222749512077
222749311285
222739074245
222723709928
222723657445
222723390849
222723305409
222703590556
222703568206
222703372085
222703187863
222702802029
222695833218
222691836362
222691826860
222691815029
222689473592
222682813083
222668412074
222668405464
222661381846
222653305614
222650448621
222646801698
222646480297
222628170799
222623572102
222623535315
222622064691
222622033775
222622007482
222620290888
222611289621
222610821537
222610792490
222610661048
222610461261
222610343312
222607278173
222588592152
222586952122
222586736458
222576864302
222573777284
222568165014
222566343140
222564540234
222553080438
222548280932
222545338885
222539152096
222537285899
222527960460
222524368107
222523989748
222516849334
222516064371
222513905351
222509233818
222508309679
222498688461
222498644212
222490864653
222488316449
222487789498
222486106894
222485786812
222485773617
222482877589
222480049884
222479119596
222478945144
222471216185
222470956570
222469037341
222466830502
222466236777
222449147395
222445062401
222443883557
222442786585
222442742889
222442626781
222439012113
222436367119
222434605794
222433105911
222433062515
222431979748
222429444115
222429124453
222428171720
222428166471
222428156815
222427648048
222427422879
222427155185
222426801307
222426565661
222426347217
222426084476
222425896249
222423989263
222423858992
222422952799
222422859246
222422842162
222422813455
222422787210
222421645037
222420367998
222420267414
222419950352
222419926340
222419650530
222419460767
222419184843
222418847717
222418804377
222418778979
222418655189
222418586891
222418238565
222417703672
222417140320
222417058296
222415923679
222415856250
222414694974
222412114256
222412099852
222412074679
222412053195
222411520890
222411403874
222411395578
222411390312
222411378259
222411347881
222411118270
222410989852
222410829402
222410101232
222410053760
222406832551
222404577204
222404131943
222404126321
222404115227
222403986630
222403952021
222403828613
222403825970
222403667832
222403659529
222403620359
222403608510
222403445298
222403136452
222402825568
222402776467
222402769534
222402435278
222402413167
222402386398
222401618904
222401586466
222401565996
222400809940
222399686031
222397862828
222397840135
222396036962
222395949922
222395722444
222395681864
222395201696
222395063134
222394988034
222393553539
222391913259
222390391745
222389259848
222389031699
222387689951
222387651629
222387517531
222387316598
222387157194
222386985005
222386964363
222385968100
222385948626
