222391900857
222391913259
222399658325
222403136452
222403366160
222403855501
222403986630
222404499579
222411520890
222412053195
222412099852
222412114256
222417058296
222417168576
222417703672
222417789833
222418847717
222419184843
222420325418
222420367998
222420384782
222422952799
222423896174
222423987058
222426352377
222426801307
222427798915
222428156815
222429365761
222429444115
222434903390
222442786585
222444867455
222466830502
222468817071
222474018311
222474507381
222479613835
222535025608
222536193542
222555995763
222559627352
222561348539
222568240594
222608251273
222610907599
222623247895
222623535315
222623558975
222626172577
222626317266
222664516192
222668405464
222674721070
222687455773
222723685671
222723709928
222725264780
222749512077
222778640264
222778701373
222827412743
222835828507
222849355977
222853373079
222853522852
222853544342
222853940431
222859459197
222863378886
222866219670
222868009237
222868683518
222886913306
222888698435
222889247680
222911691934
222924659383
222930766693
222939753212
222943680316
222970754060
222971744533
222973301855
222976316550
222976518259
222981808201
222984916936
222991894410
222992321318
222994282710
223012896158
223013646719
223031407418
223031755335
223031993695
223033115770
223035043908
223035203666
223035434087
223035632005
223036938021
223038075102
223041938178
223042181480
223043712726
223046025889
223047935365
223048151893
223049589202
223056312647
223082720436
223086153519
223105987947
223113241247
223114171875
223125265853
223125422285
223126000173
223128172466
223131221368
223131684518
223137529881
223143793533
223144274421
223144924011
223188245591
223189885609
223193565244
223194453318
223201423973
223202567867
223211710382
223212673333
223213055578
223213447865
223213671638
223214117531
223215233585
223215403292
223223570250
223223758713
223224516475
223224535239
223224814276
223233212401
223236871014
223239602424
223240476769
223241415339
223243676810
223244688606
223250056176
223268629525
223270315712
223272280457
223274208437
223274780640
223274875143
223275046077
223275088991
223280866388
223281294770
223288137370
223294493106
223295154565
223300052824
223307402979
223314667135
223315234401
223322272963
223330738615
223332897594
223332953610
223333951850
223335103217
223335942331
223336605938
223337871066
223338988315
223340497045
223342875233
223343318597
223343446183
223351043688
223351280531
223357158038
223357188325
223357638166
223357736279
223358169053
223364418854
223375527796
223378123164
223381359233
223381405586
223384955167
223385273981
223395314198
223401845201
223408057843
223408644570
223411184625
223417752450
223418895453
223419884390
223420079894
223421204183
223421792259
223422132021
223422840325
223424008393
223425148687
223429390204
223429581785
223431284878
223443612248
223446878314
223448932805
223454116315
223454263151
223455938948
223457739239
223458497802
223458534665
223458991326
223459188877
223459543517
223460365513
223460461363
223462927657
223465137217
223465546032
223466511746
223466928109
223470233246
223470694948
223471582891
223472305804
223473694223
223476472828
223480266838
223480960388
223495593837
223496361003
223496823857
223502792748
223504860027
223508325159
223511103628
223516252380
223527957302
223536169536
223536476076
223542833953
223543103573
223543324392
223559118083
223559699654
223559727281
223559898603
223561953802
223564507248
223566736990
223566985892
223567845712
223568118270
223568635521
223570027997
223575540278
223583326080
223584202198
223584577801
223600186368
223602654661
223603307876
223610801708
223613004031
223614110104
223615832001
223616439225
223617008458
223617197340
223619101715
223623314246
223624721944
223638843481
223639334349
223641497141
223641960416
223642907513
223643157996
223643636729
223644651943
223644884679
223648481949
223650404815
223668275355
223669018000
223670167350
223670920812
223671715537
223674592736
223677983463
223677988841
223678163332
223678366869
223678657602
223682603142
223685518992
223685642024
223686191701
223686959933
223687915516
223689266505
223691956151
223692748338
223692979305
223698599527
223704655420
223704843419
223708300481
223709111212
223710232039
223711282908
223712046906
223713049530
223713252120
223713271657
223714221087
223715005464
223717047804
223721903683
223722345486
223722387790
223723038097
223723516809
223724922115
223725031227
223726393407
223727189073
223729157112
223729373004
223735897734
223736404510
223737389712
223737398474
223739650753
223740238752
223740261079
223742042668
223750240425
223752306115
223753908210
223754171903
223754594480
223757312462
223758491103
223761231445
223762115771
223762340880
223762532697
223767885851
223769536501
223769908682
223770640317
223773598304
223773781666
223773984864
223775809319
223779043006
223780372167
223788309231
223788401124
223788508445
223789747721
clip/6482761
clip/6482776
clip/6482792
clip/6482808
clip/6482985
clip/6483165
clip/6484183
clip/6484221
clip/6486356
clip/6489119
clip/6489943
clip/6490238
clip/6490357
clip/6493189
clip/6497611
clip/6497755
clip/6497816
clip/6509174
clip/6513788
clip/6536146
clip/6540964
clip/6541023
clip/6545038
clip/6545876
clip/6606771
clip/6640004
clip/6650752
clip/6653908
clip/6744667
clip/6778338
clip/6800417
clip/6859734
clip/7018174
clip/7021700
clip/7087381
clip/7135174
clip/7135224
clip/7150991
clip/7159769
clip/7246268
clip/7248922
clip/7278517
clip/7310393
clip/7434536
clip/7434563
clip/7437836
clip/7437978
clip/7482971
clip/7647166
clip/7670715
