222386440452
222397131452
222403462381
222403828613
222403952021
222404115227
222404577204
222411390312
222411395578
222418655189
222420367998
222422952799
222429124453
222437830693
222442742889
222466236777
222439012113
222484036491
222466830502
222478295642
222494688820
222496168846
222498747678
222501031180
222503680771
222473781385
222509459529
222512594810
222513905351
222485786812
222523684245
222529156563
222503173276
222533917861
222534056652
222537190038
222542242041
222545182710
222545372391
222550664467
222545338885
222556815805
222535109919
222566343140
222568165014
222544438629
222554487780
222553080438
222586861321
222587545636
222588518473
